892420643555336193
6955
33654
892177421306343426
5263
29182
891815181378084864
3463
21950
891689557279858688
7178
36726
891327558926688256
7706
35126
891087950875897856
2579
17723
890971913173991426
1643
10314
890729181411237888
15660
56578
890609185150312448
3598
24389
890240255349198849
6056
27787
890006608113172480
6102
26905
889880896479866881
4132
24440
889665388333682689
8288
41817
889638837579907072
3694
23545
889531135344209921
1873
13292
889278841981685760
4412
21993
888917238123831296
3738
25496
888804989199671297
3507
22352
888554962724278272
2858
17229
888078434458587136
2880
19071
887705289381826560
4512
26488
887517139158093824
9796
40536
887473957103951883
14935
59889
887343217045368832
8761
29446
887101392804085760
4964
26864
886983233522544640
6275
30187
886736880519319552
2609
10445
886680336477933568
3713
19634
886366144734445568
2611
18448
886267009285017600
4
105
886258384151887873
5241
24413
886054160059072513
93
0
885984800019947520
5583
28457
885528943205470208
5301
31432
885518971528720385
3094
17920
885311592912609280
15335
0
885167619883638784
3647
19152
884925521741709313
14921
66902
884876753390489601
4631
24267
884562892145688576
3891
21207
884441805382717440
4771
23761
884247878851493888
16789
62883
884162670584377345
2491
17859
883838122936631299
2847
19059
883482846933004288
8207
39992
883360690899218434
3060
19842
883117836046086144
5504
32322
882992080364220416
3224
20880
882762694511734784
4073
24651
882627270321602560
5034
24498
882268110199369728
9567
38980
882045870035918850
4060
25590
881906580714921986
2836
21343
881666595344535552
8900
44303
881633300179243008
8
113
881536004380872706
13328
43220
881268444196462592
4475
20400
880935762899988482
2324
14971
880872448815771648
3190
18618
880465832366813184
5181
24886
880221127280381952
3442
23547
880095782870896641
3633
24206
879862464715927552
2910
19612
879674319642796034
9
280
879492040517615616
2617
20606
879415818425184262
37191
92350
879376492567855104
2631
14776
879130579576475649
5702
0
879050749262655488
3929
19718
879008229531029506
2229
16695
878776093423087618
3413
17063
878604707211726852
5892
26310
878404777348136964
1068
0
878316110768087041
5494
0
878281511006478336
1068
6743
878057613040115712
5702
36943
877736472329191424
15702
68933
877556246731214848
3148
19802
877316821321428993
4316
24033
877201837425926144
4599
23762
876838120628539392
2792
18138
876537666061221889
3956
20965
876484053909872640
1987
16477
876120275196170240
3885
24571
875747767867523072
3561
21992
875144289856114688
4130
19339
875097192612077568
5088
24125
875021211251597312
3950
22456
874680097055178752
3901
24484
874434818259525634
12144
0
874296783580663808
3464
22852
874057562936811520
3363
20030
874012996292530176
8539
29984
873580283840344065
3332
21288
873337748698140672
1324
0
873213775632977920
1324
6294
872967104147763200
4542
23945
872820683541237760
3154
13015
872620804844003328
3055
18243
872486979161796608
7678
35930
872122724285648897
6791
30067
871879754684805121
9193
32904
871762521631449091
2949
17788
871515927908634625
2922
17820
871166179821445120
4872
0
871102520638267392
4643
18464
871032628920680449
3211
20063
870804317367881728
5259
29672
870726314365509632
3
105
870656317836468226
2189
10832
870374049280663552
22623
73611
870308999962521604
3528
19392
870063196459192321
7043
32264
869772420881756160
8648
37850
869702957897576449
5355
24929
869596645499047938
2622
14121
869227993411051520
3178
18054
868880397819494401
12180
57670
868639477480148993
1736
0
868622495443632128
4435
23534
868552278524837888
1736
8918
867900495410671616
3551
21491
867774946302451713
6221
30131
867421006826221569
2108
14277
867072653475098625
100
0
867051520902168576
6746
28574
866720684873056260
4110
17772
866686824827068416
2947
17031
866450705531457537
30009
108351
866334964761202691
12144
46361
866094527597207552
7127
0
865718153858494464
4805
22825
865359393868664832
4262
23477
865006731092295680
6623
24924
864873206498414592
7464
28697
864279568663928832
2566
13006
864197398364647424
7538
26500
863907417377173506
3570
18344
863553081350529029
3609
13612
863471782782697472
2079
0
863432100342583297
4535
21197
863427515083354112
80
1956
863079547188785154
947
7868
863062471531167744
2079
7488
862831371563274240
4434
17154
862722525377298433
3067
15261
862457590147678208
4225
18182
862096992088072192
19875
65959
861383897657036800
9215
32121
861288531465048066
3569
15280
861005113778896900
3315
14919
860981674716409858
1844
0
860924035999428608
674
0
860563773140209665
1844
6691
860524505164394496
4578
21157
860276583193509888
3053
16497
860184849394610176
5099
14936
860177593139703809
26563
0
859924526012018688
3563
17539
859851578198683649
3056
13925
859607811541651456
1358
16756
859196978902773760
26133
80142
859074603037188101
11905
30269
858860390427611136
7032
0
858843525470990336
3014
14065
858471635011153920
4234
19385
858107933456039936
2527
14163
857989990357356544
2254
14426
857746408056729600
9301
30652
857393404942143489
1436
5282
857263160327368704
3952
18179
857214891891077121
16
203
857062103051644929
145
0
857029823797047296
3468
16981
856543823941562368
2530
14774
856526610513747968
1646
10782
856288084350160898
15
488
856282028240666624
5554
25125
855862651834028034
21
302
855860136149123072
849
4387
855857698524602368
1853
10821
855851453814013952
16060
41770
855818117272018944
4790
24188
855459453768019968
7272
26996
855245323840757760
5237
0
855138241867124737
36
0
854732716440526848
5315
20598
854482394044301312
5991
26454
854365224396361728
4129
17125
854120357044912130
6565
29104
854010172552949760
2781
14781
853760880890318849
5097
25979
853639147608842240
8824
31402
853299958564483072
3155
14096
852936405516943360
1782
0
852912242202992640
1590
8214
852672615818899456
1899
13591
852553447878664193
3097
14825
852311364735569921
8829
30240
852226086759018497
6062
18289
852189679701164033
1412
10540
851591660324737024
3112
14900
851464819735769094
6283
22183
851224888060895234
5148
18952
850753642995093505
8041
28009
850380195714523136
2322
12015
850333567704068097
301
3180
850145622816686080
3377
14981
850019790995546112
4348
18691
849776966551130114
6786
27820
849668094696017920
4422
0
849412302885593088
2816
14611
849336543269576704
1681
10517
849051919805034497
7591
38859
848690551926992896
3911
23189
848324959059550208
4136
22740
848213670039564288
644
7518
848212111729840128
2708
14974
847978865427394560
2907
0
847971574464610304
394
0
847962785489326080
4551
21668
847842811428974592
1185
4990
847617282490613760
376
6445
847606175596138505
3069
17285
847251039262605312
3898
18889
847157206088847362
5233
18308
847116187444137987
2865
19806
846874817362120707
3535
18551
846514051647705089
10326
41014
846505985330044928
2750
13024
846153765933735936
8133
28970
846139713627017216
9132
28710
846042936437604353
2576
14751
845812042753855489
7831
26915
845677943972139009
4366
23362
845397057150107648
1615
7058
845306882940190720
4834
21524
845098359547420673
6908
0
844979544864018432
2303
12629
844973813909606400
2835
13879
844580511645339650
2801
15237
844223788422217728
1982
12648
843981021012017153
2692
14056
843856843873095681
4154
19883
843604394117681152
2472
15638
843235543001513987
5376
19885
842846295480000512
3305
14169
842765311967449089
1173
6276
842535590457499648
3160
16854
842163532590374912
5237
22644
842115215311396866
2747
12978
841833993020538882
13501
0
841680585030541313
7127
23953
841439858740625411
3298
11674
841320156043304961
5005
18351
841314665196081154
4216
14686
841077006473256960
4872
21269
840761248237133825
1615
0
840728873075638272
14543
0
840698636975636481
2
163
840696689258311684
888
11433
840632337062862849
1615
8393
840370681858686976
4168
15292
840268004936019968
5195
17822
839990271299457024
2061
12499
839549326359670784
7032
25480
839290600511926273
132
0
839239871831150596
5905
25139
838952994649550848
3649
18302
838921590096166913
1851
10382
838916489579200512
31
0
838831947270979586
9982
0
838561493054533637
1229
10206
838476387338051585
4327
20894
838201503651401729
9138
0
838150277551247360
301
1564
838085839343206401
1
134
838083903487373313
2828
16405
837820167694528512
7127
31721
837482249356513284
404
3590
837471256429613056
2057
11949
837110210464448512
2172
15027
836989968035819520
2105
11901
836753516572119041
4244
18047
836677758902222849
2016
11801
836648853927522308
505
0
836397794269200385
24950
0
836380477523124226
2739
13866
836260088725786625
3965
19880
836001077879255040
3871
17819
835685285446955009
7385
0
835574547218894849
3284
16579
835536468978302976
1536
0
835309094223372289
19065
0
835297930240217089
2733
15386
835264098648616962
1536
7188
835246439529840640
63
1984
835172783151792128
5280
24488
835152434251116546
2750
20880
834931633769889797
1484
10062
834786237630337024
5094
20149
834574053763584002
2298
12761
834477809192075265
9724
0
834458053273591808
1543
8999
834209720923721728
4309
19172
834167344700198914
3350
14794
834089966724603904
1960
9416
834086379323871233
2034
12189
833863086058651648
2197
12578
833826103416520705
3476
17023
833732339549220864
203
0
833722901757046785
2985
19614
833479644947025920
1883
13954
833124694597443584
4422
18922
832998151111966721
2002
12386
832769181346996225
38
0
832757312314028032
3308
15795
832682457690300417
2655
11096
832645525019123713
483
2718
832636094638288896
2548
14834
832397543355072512
2033
11202
832369877331693569
2907
16015
832273440279240704
2135
10615
832215909146226688
5689
0
832215726631055365
8548
0
832088576586297345
2
59
832040443403784192
8773
0
832032802820481025
4286
16698
831939777352105988
5634
22393
831926988323639298
34
319
831911600680497154
5947
25735
831670449226514432
1682
9753
831650051525054464
1782
6656
831552930092285952
2149
8425
831322785565769729
1434
8723
831315979191906304
1035
6154
831309418084069378
2252
11043
831262627380748289
1881
11108
830956169170665475
1373
7476
830583320585068544
15335
62125
830173239259324417
5217
0
830097400375152640
2679
9113
829878982036299777
4579
0
829861396166877184
1785
11470
829501995190984704
9724
29762
829449946868879360
1850
9833
829141528400556032
6734
22815
829011960981237760
15031
50084
828801551087042563
3145
0
828770345708580865
5371
23975
828708714936930305
10265
34098
828650029636317184
1232
8917
828409743546925057
1075
6018
828408677031882754
1181
7221
828381636999917570
2052
11798
828376505180889089
988
6967
828372645993398273
2713
11823
828361771580813312
165
2059
828046555563323392
2644
11010
828011680017821696
1979
9735
827933404142436356
4799
18760
827653905312006145
2786
14534
827600520311402496
862
7032
827324948884643840
2791
14886
827199976799354881
2048
9957
826958653328592898
4579
20222
826848821049180160
9289
33888
826615380357632002
3661
0
826598799820865537
229
4836
826598365270007810
2171
9403
826476773533745153
3875
17296
826240494070030336
2407
12481
826204788643753985
852
4579
826115272272650244
2848
14674
825876512159186944
1730
9877
825829644528148480
2321
11969
825535076884762624
16278
53750
825147591692263424
4159
17177
825120256414846976
1162
0
825026590719483904
1162
5876
824796380199809024
5068
0
824775126675836928
3255
13995
824663926340194305
1633
9899
824325613288833024
9838
11115
824297048279236611
3546
14154
824025158776213504
557
4565
823939628516474880
2519
10018
823719002937630720
10297
0
823699002998870016
2328
13142
823581115634085888
2431
12199
823333489516937216
22
662
823322678127919110
3695
14760
823269594223824897
9170
0
822975315408461824
3183
16296
822872901745569793
39677
123456
822859134160621569
2101
12392
822647212903690241
5925
0
822610361945911296
2717
13905
822489057087389700
5925
17026
822462944365645825
13060
26172
822244816520155136
9170
32962
822163064745328640
4346
0
821886076407029760
2127
10617
821813639212650496
3107
0
821765923262631936
1552
7882
821522889702862852
1624
7533
821421320206483457
5096
0
821407182352777218
3972
11050
821153421864615936
8
235
821149554670182400
1817
8074
821107785811234820
1958
9017
821044531881721856
2109
11874
820837357901512704
6199
0
820749716845686786
9138
29671
820690176645140481
2985
11540
820494788566847489
521
0
820446719150292993
2381
0
820314633777061888
521
3150
820078625395449857
5750
18535
820013781606658049
1077
0
819952236453363712
1077
5002
819924195358416896
4517
12184
819711362133872643
2849
12550
819588359383371776
1862
9117
819347104292290561
1113
6801
819238181065359361
376
2131
819227688460238848
6199
21693
819015337530290176
34354
0
819015331746349057
17698
0
819006400881917954
17698
42815
819004803107983360
34354
82275
818646164899774465
19327
0
818627210458333184
7019
21136
818614493328580609
2341
9264
818588835076603904
5656
0
818536468981415936
2258
10222
818307523543449600
7408
0
818259473185828864
2069
10356
818145370475810820
2355
11557
817908911860748288
736
4588
817827839487737858
24950
48324
817777686764523521
2510
10183
817536400337801217
2713
11062
817502432452313088
3123
0
817423860136083457
13501
31675
817415592588222464
884
5272
817181837579653120
7820
0
817171292965273600
1855
8266
817120970343411712
2397
11491
817056546584727552
1508
8103
816829038950027264
4368
0
816816676327063552
1882
9431
816697700272001025
2039
9195
816450570814898180
7408
28511
816336735214911488
1790
8136
816091915477250048
1974
8449
816062466425819140
941
0
816014286006976512
4850
0
815990720817401858
941
4674
815966073409433600
7820
21027
815745968457060357
3839
0
815736392542261248
2104
9256
815639385530101762
1546
7781
815390420867969024
3546
9784
814986499976527872
1183
7226
814638523311648768
2510
10641
814578408554463233
5429
0
814530161257443328
1730
8181
814153002265309185
8060
27097
813944609378369540
2938
0
813910438903693312
1724
8817
813812741911748608
12974
34464
813800681631023104
1637
7849
813217897535406080
6809
17590
813202720496779264
1698
8732
813187593374461952
4024
18735
813172488309972993
1798
8766
813157409116065792
2058
7349
813142292504645637
2232
8039
813130366689148928
417
4247
813127251579564032
2908
11161
813112105746448384
2548
9751
813096984823349248
3361
9984
813081950185472002
2581
9380
813066809284972545
1819
7514
813051746834595840
6809
19832
812781120811126785
1780
7121
812709060537683968
1346
6266
812503143955202048
1145
5714
812466873996607488
1793
7545
812372279581671427
3403
12870
811985624773361665
1303
6878
811744202451197953
1463
7118
811647686436880384
678
5291
811627233043480576
2829
12007
811386762094317568
5939
19760
810984652412424192
1323
5032
810896069567610880
1634
8485
810657578271330305
2453
10380
810284430598270976
10442
33133
810254108431155201
3145
13909
809920764300447744
3661
14719
809808892968534016
4548
0
809448704142938112
1358
6581
809220051211603969
5217
18775
809084759137812480
3274
12498
808838249661788160
2848
9605
808733504066486276
2025
7458
808501579447930884
2443
10704
808344865868283904
19327
39966
808134635716833280
5480
0
808106460588765185
2055
8354
808001312164028416
3284
11792
807621403335917568
3367
13778
807106840509214720
51304
110986
807059379405148160
6849
0
807010152071229440
3609
12404
806629075125202948
32167
70210
806620845233815552
5120
0
806576416489959424
1817
4647
806542213899489280
2207
9688
806242860592926720
10804
0
806219024703037440
1126
6109
805958939288408065
4972
0
805932879469572096
1791
7847
805826884734976000
1709
6210
805823200554876929
7415
0
805520635690676224
1544
5457
805487436403003392
2363
8304
805207613751304193
1620
7446
804738756058218496
3584
12913
804475857670639616
1879
5813
804413760345620481
2989
0
804026241225523202
14940
41860
803773340896923648
2569
9491
803692223237865472
6870
0
803638050916102144
3865
10334
803380650405482500
1759
7351
803321560782307329
4933
0
803276597545603072
2285
9489
802952499103731712
1861
8540
802624713319034886
2711
0
802600418706604034
1375
6735
802572683846291456
2341
8479
802323869084381190
5444
15274
802265048156610565
1285
6592
802239329049477120
2437
8612
802185808107208704
250
0
801958328846974976
1589
7336
801854953262350336
218
1717
801538201127157760
1945
7780
801285448605831168
770
5711
801167903437357056
5480
23067
801127390143516673
3684
0
801115127852503040
1977
7645
800859414831898624
90
644
800855607700029440
1511
0
800751577355128832
2608
10050
800513324630806528
2810
12443
800459316964663297
2048
9002
800443802682937345
4000
0
800388270626521089
2617
10555
800188575492947969
3672
0
800141422401830912
2381
14444
800018252395122689
12234
26763
799774291445383169
4342
0
799757965289017345
1993
7936
799422933579902976
1790
7655
799308762079035393
5052
0
799297110730567681
2545
9347
799063482566066176
2329
7660
798933969379225600
4129
12361
798925684722855936
1351
7139
798705661114773508
6173
0
798701998996647937
7187
0
798697898615730177
6053
0
798694562394996736
4617
0
798686750113755136
2168
0
798682547630837760
4409
0
798673117451325440
5196
0
798665375516884993
3658
0
798644042770751489
1734
0
798628517273620480
1856
0
798585098161549313
5242
0
798576900688019456
5450
0
798340744599797760
3125
0
798209839306514432
2415
9882
797971864723324932
2875
10900
797545162159308800
4595
13816
797236660651966464
6111
18842
797165961484890113
24
211
796904159865868288
8308
0
796865951799083009
1823
7281
796759840936919040
2813
11151
796563435802726400
6694
0
796484825502875648
1643
7156
796387464403357696
3865
10406
796177847564038144
13287
0
796149749086875649
13287
30351
796125600683540480
1679
4718
796116448414461957
2237
8595
796080075804475393
2153
7985
796031486298386433
3482
10225
795464331001561088
21824
46516
795400264262053889
2664
9454
795076730285391872
5068
15280
794983741416415232
3141
0
794926597468000259
2147
9631
794355576146903043
9607
0
794332329137291264
2521
9084
794205286408003585
3099
8736
793962221541933056
4548
15838
793845145112371200
1734
8732
793614319594401792
2908
0
793601777308463104
1508
7549
793500921481273345
2216
10072
793286476301799424
8548
23244
793271401113350145
2234
8220
793256262322548741
7742
18827
793241302385262592
3052
9934
793226087023144960
2699
9243
793210959003287553
2591
8437
793195938047070209
5243
14371
793180763617361921
1851
6532
793165685325201412
2615
8860
793150605191548928
1586
5824
793135492858580992
2339
6045
793120401413079041
3656
11960
792913359805018113
3690
13521
792883833364439040
3979
10659
792773781206999040
1565
6974
792394556390137856
3991
12643
792050063153438720
1660
6753
791821351946420224
19582
0
791784077045166082
8821
0
791780927877898241
3540
0
791774931465953280
20628
42536
791672322847637504
2908
11100
791406955684368384
3839
12432
791312159183634433
2354
8286
791026214425268224
3781
0
790987426131050500
1978
9269
790946055508652032
4368
15798
790723298204217344
2133
0
790698755171364864
1791
7769
790581949425475584
6601
19445
790337589677002753
1760
7397
790277117346975746
2938
11838
790227638568808452
3288
0
789986466051088384
2133
8767
789960241177853952
3801
0
789903600034189313
3864
9743
789628658055020548
1628
7049
789599242079838210
1782
6349
789530877013393408
3141
11038
789314372632018944
2123
8165
789280767834746880
4559
0
789268448748703744
2429
8623
789137962068021249
2595
9193
788908386943430656
11642
25951
788765914992902144
9607
25775
788552643979468800
6622
0
788412144018661376
4896
14652
788178268662984705
1965
6861
788150585577050112
1194
5775
788070120937619456
3195
0
788039637453406209
1214
5768
787810552592695296
2825
8112
787717603741622272
2574
9669
787397959788929025
2648
10285
787322443945877504
1618
7360
787111942498508800
6260
0
786963064373534720
7385
25160
786729988674449408
2262
0
786709082849828864
5689
17290
786664955043049472
2356
10002
786595970293370880
2894
8939
786363235746385920
3200
10233
786286427768250368
2632
7532
786233965241827333
4346
14341
786051337297522688
144
1348
786036967502913536
6467
0
785927819176054784
2967
10752
785872687017132033
1663
6315
785639753186217984
2096
7416
785533386513321988
1828
8534
785515384317313025
1155
5764
785264754247995392
1509
6876
785170936622350336
4468
11308
784826020293709826
2989
9538
784517518371221505
2351
8459
784431430411685888
1177
5424
784183165795655680
7415
18852
784057939640352768
10297
27955
783839966405230592
9982
28250
783821107061198850
1817
6937
783695101801398276
2975
9818
783466772167098368
2069
7933
783391753726550016
5060
15919
783347506784731136
5118
0
783334639985389568
10804
27344
783085703974514689
2011
7698
782969140009107456
6849
22703
782747134529531904
1308
7043
782722598790725632
4972
16208
782598640137187329
1762
7355
782305867769217024
5096
15641
782021823840026624
5690
0
781955203444699136
3121
10527
781661882474196992
2504
9826
781655249211752448
1045
3753
781524693396357120
5120
19493
781308096455073793
2372
6706
781251288990355457
1916
7884
781163403222056960
2568
9231
780931614150983680
6694
20405
780858289093574656
1852
6765
780800785462489090
1192
5166
780601303617732608
3107
11373
780543529827336192
1619
5929
780496263422808064
3402
0
780476555013349377
103
0
780459368902959104
998
4972
780192070812196864
2070
8180
780092040432480260
2117
0
780074436359819264
4546
11368
779834332596887552
6467
17652
779377524342161408
2868
8210
779124354206535695
16904
0
779056095788752897
4187
13825
778990705243029504
6618
18665
778774459159379968
9094
0
778764940568104960
337
818
778748913645780993
1200
6435
778650543019483137
1382
5400
778624900596654080
935
4323
778408200802557953
3986
12811
778396591732486144
11268
0
778383385161035776
1015
5485
778286810187399168
3043
9689
778039087836069888
2447
7951
778027034220126208
1487
6171
777953400541634568
3246
0
777885040357281792
1510
5973
777684233540206592
2711
10563
777641927919427584
3894
0
777621514455814149
2326
8180
777189768882946048
3959
13246
776819012571455488
12495
0
776813020089548800
1109
4594
776477788987613185
2542
8210
776249906839351296
8403
0
776218204058357768
14608
27940
776201521193218049
2321
8989
776113305656188928
4000
11052
776088319444877312
141
1706
775898661951791106
15428
0
775842724423557120
2448
10997
775733305207554048
3684
13010
775729183532220416
4256
12215
775364825476165632
2697
6914
775350846108426240
3609
9523
775085132600442880
4342
14562
774757898236878852
1645
8096
774639387460112384
1603
6331
774314403806253056
5052
20442
773985732834758656
3564
10112
773922284943896577
1614
6035
773704687002451968
1485
6211
773670353721753600
1218
5037
773547596996571136
5656
20722
773336787167145985
4637
0
773308824254029826
6908
21886
773247561583001600
2985
8845
773191612633579521
3779
9333
772877495989305348
3562
8015
772826264096874500
2195
7543
772615324260794368
3095
0
772581559778025472
1574
6076
772193107915964416
1279
5654
772152991789019136
1047
3569
772117678702071809
682
3532
772114945936949249
437
2568
772102971039580160
858
3758
771908950375665664
1745
6151
771770456517009408
3125
11228
771500966810099713
2407
7737
771380798096281600
4637
9872
771171053431250945
6843
0
771136648247640064
2696
8570
771102124360998913
1323
5836
771014301343748096
1532
6455
770787852854652928
1097
4599
770772759874076672
1316
4863
770655142660169732
1658
6892
770414278348247044
1917
5914
770293558247038976
1346
5827
770093767776997377
2794
0
770069151037685760
2115
7113
769940425801170949
8773
29127
769695466921623552
1549
6016
769335591808995329
7095
0
769212283578875904
1588
5061
768970937022709760
5964
13338
768909767477751808
2424
0
768855141948723200
817
3916
768609597686943744
1091
3839
768596291618299904
1183
4717
768554158521745409
5355
0
768473857036525572
3144
12715
768193404517830656
3246
10137
767884188863397888
1261
4446
767754930266464257
4933
14905
767500508068192258
2131
7011
767191397493538821
3448
11477
767122157629476866
2625
9504
766793450729734144
1246
4719
766714921925144576
344
2454
766693177336135680
727
3776
766423258543644672
1445
5605
766313316352462849
1722
6318
766078092750233600
2405
0
766069199026450432
767
3920
766008592277377025
456
3522
765719909049503744
1980
6771
765669560888528897
1126
4836
765395769549590528
3091
25007
765371061932261376
1989
6655
765222098633691136
3095
10870
764857477905154048
1641
6054
764259802650378240
1383
5611
763956972077010945
49
731
763837565564780549
3781
11706
763183847194451968
1347
5040
763167063695355904
2736
0
763103485927849985
2105
6885
762699858130116608
3288
11304
762471784394268675
5867
10471
762464539388485633
3801
9603
762316489655476224
1026
4487
762035686371364864
14203
29643
761976711479193600
1811
5014
761750502866649088
3564
0
761745352076779520
788
4000
761672994376806400
26563
46069
761599872357261312
1093
3866
761371037149827077
16547
0
761334018830917632
1332
4809
761292947749015552
995
4169
761227390836215808
1435
4977
761004547850530816
3195
10603
760893934457552897
883
3558
760656994973933572
1736
6151
760641137271070720
1182
4649
760539183865880579
3315
7045
760521673607086080
1276
3906
760290219849637889
10507
24967
760252756032651264
794
3689
760190180481531904
1640
5326
760153949710192640
29
0
759943073749200896
1921
5510
759846353224826880
1788
6258
759793422261743616
1755
5554
759557299618865152
1097
4378
759447681597108224
2262
7903
759446261539934208
453
1559
759197388317847553
1796
5676
759159934323924993
1064
0
759099523532779520
3794
13564
759047813560868866
1838
6042
758854675097526272
834
3310
758828659922702336
3535
10426
758740312047005698
1491
5354
758474966123810816
911
3540
758467244762497024
2020
4461
758405701903519748
1749
4854
758355060040593408
955
3136
758099635764359168
9094
17616
758041019896193024
337
2520
757741869644341248
3011
6383
757729163776290825
7160
0
757725642876129280
1106
4236
757611664640446465
1004
4275
757597904299253760
277
0
757596066325864448
953
4054
757400162377592832
6280
14082
757393109802180609
1574
5420
757354760399941633
1295
4191
756998049151549440
1824
5842
756939218950160384
1829
6178
756651752796094464
1187
4684
756526248105566208
3284
9673
756303284449767430
1000
3674
756288534030475264
16223
41009
756275833623502848
1398
5952
755955933503782912
2610
6798
755206590534418437
4880
15236
755110668769038337
10128
19634
754874841593970688
7197
0
754856583969079297
2303
6419
754747087846248448
475
2403
754482103782404096
1783
4912
754449512966619136
667
3492
754120377874386944
2152
7353
753655901052166144
1981
5430
753420520834629632
3221
7301
753398408988139520
1717
5329
753375668877008896
2117
7109
753298634498793472
5175
0
753294487569522689
952
3114
753039830821511168
19065
34439
753026973505581056
871
3639
752932432744185856
6260
11703
752917284578922496
1435
6472
752701944171524096
2597
0
752682090207055872
1447
5574
752660715232722944
1413
4059
752568224206688256
2076
5098
752519690950500352
3138
6815
752334515931054080
1005
3581
752309394570878976
14827
0
752173152931807232
1659
5522
751950017322246144
827
2841
751937170840121344
1190
4810
751830394383790080
1772
5407
751793661361422336
2599
5371
751598357617971201
2808
7378
751583847268179968
1000
4089
751538714308972544
1143
4694
751456908746354688
918
2997
751251247299190784
5365
11686
751205363882532864
1657
5878
751132876104687617
1177
4705
750868782890057730
1239
4430
750719632563142656
4559
12198
750506206503038976
1042
4118
750429297815552001
3894
12250
750383411068534784
1037
4247
750381685133418496
26
666
750147208377409536
873
2901
750132105863102464
1172
3351
750117059602808832
1202
4034
750101899009982464
771
2831
750086836815486976
489
2017
750071704093859840
3014
7218
750056684286914561
814
2943
750041628174217216
563
2949
750026558547456000
714
2520
750011400160841729
818
2995
749996283729883136
752
2819
749981277374128128
2260
4767
749774190421639168
1203
4335
749417653287129088
1504
5646
749403093750648834
489
2428
749395845976588288
3136
7928
749317047558017024
2033
5079
749075273010798592
1873
5337
749064354620928000
1399
4485
749036806121881602
727
2870
748977405889503236
3114
9984
748932637671223296
2049
5388
748705597323898880
870
2576
748699167502000129
1451
4389
748692773788876800
1222
3945
748575535303884801
1793
5607
748568946752774144
604
2038
748346686624440324
1117
4821
748337862848962560
3715
7019
748324050481647620
685
3432
748307329658011649
650
3430
748220828303695873
7071
13092
747963614829678593
1945
5356
747933425676525569
2338
6149
747885874273214464
872
2705
747844099428986880
671
2615
747816857231626240
1051
4483
747651430853525504
143
1269
747648653817413632
5296
11909
747600769478692864
520
2161
747594051852075008
942
3406
747512671126323200
1471
5100
747461612269887489
937
3572
747439450712596480
1745
5020
747242308580548608
2615
0
747219827526344708
1431
4868
747204161125646336
826
3112
747103485104099331
3605
8847
746906459439529985
269
2708
746872823977771008
1930
5542
746818907684614144
1588
4930
746790600704425984
1455
4504
746757706116112384
3540
8795
746726898085036033
1630
5614
746542875601690625
1738
4672
746521445350707200
897
0
746507379341139972
986
4331
746369468511756288
1480
5738
746131877086527488
1987
6363
746056683365994496
735
3309
745789745784041472
960
3647
745712589599014916
2114
6472
745433870967832576
2297
6514
745422732645535745
2187
7916
745314880350101504
2463
6576
745074613265149952
3164
7235
745057283344719872
2041
6731
744995568523612160
564
2729
744971049620602880
2429
7265
744709971296780288
1426
5199
744334592493166593
1920
6317
744234799360020481
70162
143974
744223424764059648
323
1529
743980027717509120
997
3884
743895849529389061
875
3389
743835915802583040
1855
0
743609206067040256
1259
4146
743595368194129920
5921
16866
743545585370791937
856
3262
743510151680958465
3400
7385
743253157753532416
1111
3915
743222593470234624
1725
5712
743210557239623680
1232
3549
742534281772302336
3264
6527
742528092657332225
1788
4082
742465774154047488
3577
6716
742423170473463808
3402
9050
742385895052087300
1765
6263
742161199639494656
1239
3984
742150209887731712
1389
4687
741793263812808706
1380
4205
741743634094141440
2483
7519
741438259667034112
741
3400
741303864243200000
2901
8089
741099773336379392
4989
9173
741067306818797568
2794
8821
740995100998766593
2451
5797
740711788199743490
857
3137
740699697422163968
703
2643
740676976021798912
6173
16755
740373189193256964
12074
32423
740365076218183684
384
2236
740359016048689152
793
3037
740214038584557568
1776
6157
739979191639244800
5355
18422
739932936087216128
979
3740
739844404073074688
783
3509
739623569819336705
1233
3486
739606147276148736
1485
4961
739544079319588864
19149
36296
739485634323156992
2628
6568
739238157791694849
52520
106596
738891149612572673
6
89
738885046782832640
1040
3497
738883359779196928
717
3032
738537504001953792
1388
4679
738402415918125056
737
2998
738184450748633089
1103
3951
738166403467907072
3017
8031
738156290900254721
579
2272
737826014890496000
1598
4809
737800304142471168
3158
9210
737678689543020544
1190
4617
737445876994609152
4033
9395
737322739594330112
727
3311
737310737551491075
6706
13458
736736130620620800
1534
3861
736392552031657984
6622
16260
736365877722001409
1105
3645
736225175608430592
2527
7463
736010884653420544
2688
7210
735991953473572864
1030
3279
735648611367784448
1003
3719
735635087207878657
2134
5636
735274964362878976
4524
12001
735256018284875776
801
3053
735137028879360001
874
2865
734912297295085568
471
2536
734787690684657664
5727
11505
734776360183431168
486
2307
734559631394082816
353
1371
733828123016450049
714
3294
733822306246479872
920
3375
733482008106668032
849
2866
733460102733135873
1134
3856
733109485275860992
15428
49119
732732193018155009
480
2221
732726085725589504
790
3281
732585889486888962
712
3343
732375214819057664
2272
7403
732005617171337216
4850
13624
731285275100512256
897
3208
731156023742988288
1138
3534
730924654643314689
1778
5623
730573383004487680
1905
4447
730427201120833536
936
3187
730211855403241472
953
3478
730196704625098752
1699
4421
729854734790754305
1008
3698
729838605770891264
338
1595
729823566028484608
1118
3638
729463711119904772
2081
5296
729113531270991872
287
1732
728986383096946689
734
2878
728760639972315136
1533
4269
728751179681943552
614
2529
728653952833728512
944
3047
728409960103686147
1817
4486
728387165835677696
874
3412
728046963732717569
1078
3916
728035342121635841
1501
4140
728015554473250816
988
3779
727685679342333952
570
2714
727644517743104000
1582
5365
727524757080539137
1077
4094
727314416056803329
670
3056
727286334147182592
743
2816
727175381690781696
1235
3583
727155742655025152
1194
3313
726935089318363137
2193
6274
726887082820554753
1362
3520
726828223124897792
911
3295
726224900189511680
1041
4067
725842289046749185
2405
6507
725786712245440512
1237
3833
725729321944506368
1602
4782
725458796924002305
553
1299
724983749226668032
1164
3424
724771698126512129
566
2143
724405726123311104
1506
4852
724049859469295616
1613
3965
724046343203856385
512
2447
724004602748780546
1387
3823
723912936180330496
1122
3577
723688335806480385
2635
7015
723673163800948736
812
2784
723179728551723008
1683
4850
722974582966214656
1426
3749
722613351520608256
1490
4571
721503162398597120
1636
4208
721001180231503872
550
2337
720785406564900865
696
2853
720775346191278080
563
2246
720415127506415616
1351
3780
720389942216527872
2252
5846
720340705894408192
872
2618
720059472081784833
1013
3544
720043174954147842
1811
4558
719991154352222208
1586
4464
719704490224398336
1290
4168
719551379208073216
1704
4634
719367763014393856
685
2599
719339463458033665
1114
4083
719332531645071360
854
3174
718971898235854848
982
3196
718939241951195136
1574
4793
718631497683582976
7187
17279
718613305783398402
424
2249
718540630683709445
918
2237
718460005985447936
474
2497
718454725339934721
1370
4492
718246886998687744
446
1757
718234618122661888
910
3556
717841801130979328
541
2268
717790033953034240
981
2630
717537687239008257
1654
5297
717428917016076293
404
1474
717421804990701568
753
2880
717047459982213120
1731
5779
717009362452090881
864
2965
716802964044845056
1046
3949
716791146589110272
1455
7725
716730379797970944
395
1132
716447146686459905
5280
11947
716439118184652801
189
2182
716285507865542656
961
2550
716080869887381504
1700
6225
715928423106027520
791
2918
715758151270801409
1279
3405
715733265223708672
1523
4269
715704790270025728
510
2551
715696743237730304
1158
3604
715680795826982913
1437
3952
715360349751484417
1407
5024
715342466308784130
620
2782
715220193576927233
582
2203
715200624753819648
1679
4732
715009755312439296
1103
3802
714982300363173890
929
3414
714962719905021952
3824
6730
714957620017307648
1274
3800
714631576617938945
892
3009
714606013974974464
824
3326
714485234495041536
1006
2445
714258258790387713
666
2812
714251586676113411
757
3021
714214115368108032
796
2110
714141408463036416
1276
3992
713919462244790272
719
3031
713909862279876608
483
1743
713900603437621249
656
2606
713761197720473600
1233
4443
713411074226274305
1180
4082
713177543487135744
2583
6627
713175907180089344
1326
4073
712809025985978368
6053
17493
712717840512598017
4491
11283
712668654853337088
1096
3816
712438159032893441
1409
4896
712309440758808576
24
221
712097430750289920
929
3446
712092745624633345
806
2701
712085617388212225
433
3004
712065007010385924
565
2070
711998809858043904
120
0
711968124745228288
2080
7390
711743778164514816
905
2607
711732680602345472
3674
8056
711694788429553666
16547
30180
711652651650457602
819
3534
711363825979756544
1013
3313
711306686208872448
674
3042
711008018775851008
556
2736
710997087345876993
1257
4199
710844581445812225
609
2346
710833117892898816
475
2461
710658690886586372
512
2130
710609963652087808
2150
4417
710588934686908417
1691
4167
710296729921429505
667
2191
710283270106132480
478
1988
710272297844797440
1137
4136
710269109699739648
1009
2189
710153181850935296
808
2672
710140971284037632
798
2508
710117014656950272
1775
5010
709918798883774466
992
3221
709901256215666688
92
605
709852847387627521
1083
3217
709566166965075968
1070
3245
709556954897764353
972
3010
709519240576036864
219
1382
709449600415961088
517
2020
709409458133323776
616
2417
709225125749587968
520
2200
709207347839836162
5158
11373
709198395643068416
588
2262
709179584944730112
606
1847
709158332880297985
362
1872
709042156699303936
1472
4313
708853462201716736
591
1666
708845821941387268
799
2734
708834316713893888
448
1547
708810915978854401
6234
15184
708738143638450176
736
2529
708711088997666817
637
2331
708479650088034305
616
2336
708469915515297792
729
2841
708400866336894977
9019
14618
708356463048204288
1193
3291
708349470027751425
675
2184
708149363256774660
1408
3975
708130923141795840
782
3087
708119489313951744
893
2467
708109389455101952
499
1792
708026248782585858
1742
4053
707995814724026368
1008
2860
707983188426153984
2
45
707969809498152960
865
2483
707776935007539200
870
3001
707741517457260545
550
2281
707738799544082433
2194
3718
707693576495472641
915
3112
707629649552134146
780
2351
707610948723478529
5690
15536
707420581654872064
630
2062
707411934438625280
542
2109
707387676719185920
1141
3199
707377100785885184
973
3001
707315916783140866
575
2279
707297311098011648
707
2569
707059547140169728
618
2393
707038192327901184
715
2012
707021089608753152
1220
3720
707014260413456384
537
2108
706904523814649856
7095
13384
706901761596989440
520
1876
706681918348251136
887
3016
706644897839910912
979
2340
706593038911545345
577
1981
706538006853918722
1283
3181
706516534877929472
927
2867
706346369204748288
840
3162
706310011488698368
7105
19467
706291001778950144
434
1564
706265994973601792
847
2510
706169069255446529
2000
3574
706166467411222528
1443
4708
706153300320784384
343
1354
705975130514706432
658
2851
705970349788291072
792
2911
705898680587526145
493
2172
705786532653883392
466
1787
705591895322394625
1019
2896
705475953783398401
821
2729
705442520700944385
1455
4049
705428427625635840
1515
3496
705239209544720384
675
2760
705223444686888960
710
2366
705102439679201280
472
1952
705066031337840642
554
2006
704871453724954624
1011
3945
704859558691414016
473
2062
704847917308362754
1358
4677
704819833553219584
893
2437
704761120771465216
2615
6111
704499785726889984
899
2649
704491224099647488
70
689
704480331685040129
977
3137
704364645503647744
3217
7306
704347321748819968
311
1440
704134088924532736
409
1381
704113298707505153
518
1708
704054845121142784
838
2682
703774238772166656
403
1698
703769065844768768
1016
2999
703631701117943808
597
2355
703611486317502464
1374
3535
703425003149250560
1215
3486
703407252292673536
623
2252
703382836347330562
1023
3205
703356393781329922
343
1760
703268521220972544
494
1823
703079050210877440
2790
6787
703041949650034688
11268
24262
702932127499816960
648
2362
702899151802126337
409
1479
702684942141153280
962
2967
702671118226825216
505
2011
702598099714314240
3119
11296
702539513671897089
863
2631
702332542343577600
1379
2924
702321140488925184
948
3015
702276748847800320
694
2277
702217446468493312
1220
4375
701981390485725185
886
3145
701952816642965504
925
3534
701889187134500865
1252
3238
701805642395348998
1503
3106
701601587219795968
415
1920
701570477911896070
837
2571
701545186879471618
548
2446
701214700881756160
4617
11233
700890391244103680
509
2031
700864154249383937
554
2389
700847567345688576
449
2262
700796979434098688
854
2244
700747788515020802
8403
20955
700518061187723268
719
2385
700505138482569216
520
2098
700462010979500032
1622
3774
700167517596164096
651
2420
700151421916807169
604
2048
700143752053182464
2424
6893
700062718104104960
608
2442
700029284593901568
527
1910
700002074055016451
1195
3020
699801817392291840
845
2767
699788877217865730
468
2051
699779630832685056
1102
2497
699775878809702401
537
1800
699691744225525762
4138
9418
699446877801091073
2386
5487
699434518667751424
464
2021
699423671849451520
287
1246
699413908797464576
568
1926
699370870310113280
390
1742
699323444782047232
783
2885
699088579889332224
559
2073
699079609774645248
570
2250
699072405256409088
1073
2702
699060279947165696
1610
3413
699036661657767936
1086
2393
698989035503689728
873
3066
698953797952008193
823
2474
698907974262222848
549
2332
698710712454139905
616
2258
698703483621523456
333
1320
698635131305795584
309
1196
698549713696649216
558
2146
698355670425473025
394
1698
698342080612007937
867
2070
698262614669991936
1788
4379
698195409219559425
5429
15476
698178924120031232
672
2578
697995514407682048
303
1405
697990423684476929
1167
3008
697943111201378304
607
2192
697881462549430272
1053
2771
697630435728322560
496
1592
697616773278015490
917
2884
697596423848730625
1129
2761
697575480820686848
451
1874
697516214579523584
986
1866
697482927769255936
597
2225
697463031882764288
1265
3154
697270446429966336
1708
4335
697259378236399616
898
3026
697255105972801536
1052
2838
697242256848379904
615
2321
696900204696625153
932
2908
696894894812565505
613
2163
696886256886657024
1622
4433
696877980375769088
635
2255
696754882863349760
327
1365
696744641916489729
832
1885
696713835009417216
583
2167
696518437233913856
1559
3620
696490539101908992
127
1132
696488710901260288
925
2302
696405997980676096
1049
2918
696100768806522880
583
1770
695816827381944320
1050
2751
695794761660297217
703
2913
695767669421768709
663
1705
695629776980148225
1887
4175
695446424020918272
1645
4080
695409464418041856
3228
7958
695314793360662529
1293
3320
695095422348574720
548
2447
695074328191332352
986
2599
695064344191721472
527
1473
695051054296211456
715
2427
694925794720792577
816
2486
694905863685980160
832
2525
694669722378485760
13020
32903
694356675654983680
250
1383
694352839993344000
538
1874
694342028726001664
431
1455
694329668942569472
449
1816
694206574471057408
1844
3800
694183373896572928
840
2693
694001791655137281
921
3127
693993230313091072
356
1724
693942351086120961
327
1616
693647888581312512
517
2465
693644216740769793
115
1262
693642232151285760
375
2342
693629975228977152
719
2254
693622659251335168
336
1414
693590843962331137
1773
4639
693582294167244802
222
1513
693486665285931008
564
1622
693280720173801472
1116
3076
693267061318012928
730
2195
693262851218264065
450
2037
693231807727280129
667
2643
693155686491000832
2886
7236
693109034023534592
548
1555
693095443459342336
403
1693
692919143163629568
692
2493
692905862751522816
785
2227
692901601640583168
533
1608
692894228850999298
713
2072
692828166163931137
793
2649
692752401762250755
3290
6256
692568918515392513
1390
4022
692535307825213440
1229
2892
692530551048294401
366
1694
692423280028966913
195
1361
692417313023332352
3123
8619
692187005137076224
742
2329
692158366030913536
717
1965
692142790915014657
352
1505
692041934689402880
1127
3113
692017291282812928
867
2662
691820333922455552
1486
3632
691793053716221953
3811
7463
691756958957883396
881
2591
691675652215414786
458
1792
691483041324204033
499
2188
691459709405118465
1013
3713
691444869282295808
747
2426
691416866452082688
6870
17768
691321916024623104
596
2372
691096613310316544
792
2751
691090071332753408
305
1602
690989312272396288
2606
5426
690959652130045952
1110
3304
690938899477221376
1738
3761
690932576555528194
900
3016
690735892932222976
1144
3478
690728923253055490
465
1992
690690673629138944
743
2139
690649993829576704
246
1196
690607260360429569
14
279
690597161306841088
546
1778
690400367696297985
406
1739
690374419777196032
759
2963
690360449368465409
787
2441
690348396616552449
461
1364
690248561355657216
369
1536
690021994562220032
915
2572
690015576308211712
657
2292
690005060500217858
1533
3365
689999384604450816
328
1302
689993469801164801
403
1346
689977555533848577
405
1261
689905486972461056
619
2253
689877686181715968
1039
2787
689835978131935233
688
2010
689661964914655233
850
2989
689659372465688576
3456
9499
689623661272240129
577
2033
689599056876867584
4997
10709
689557536375177216
402
1894
689517482558820352
1293
3114
689289219123089408
843
2063
689283819090870273
998
3005
689280876073582592
638
1817
689275259254616065
223
1049
689255633275777024
968
2337
689154315265683456
893
2852
689143371370250240
453
1859
688916208532455424
771
2488
688908934925697024
705
1936
688898160958271489
708
1915
688894073864884227
618
2054
688828561667567616
321
1272
688804835492233216
167
885
688789766343622656
603
2043
688547210804498433
625
2391
688519176466644993
656
2144
688385280030670848
4068
8489
688211956440801280
750
2071
688179443353796608
527
1975
688116655151435777
695
2602
688064179421470721
320
1591
687841446767013888
2240
5000
687826841265172480
1004
2508
687818504314159109
860
2276
687807801670897665
654
2197
687732144991551489
590
1612
687704180304273409
764
2235
687664829264453632
468
1797
687494652870668288
526
1751
687480748861947905
221
1470
687476254459715584
479
1823
687460506001633280
490
1904
687399393394311168
550
1740
687317306314240000
8308
18580
687312378585812992
1723
3994
687127927494963200
2043
4955
687124485711986689
460
2011
687109925361856513
2222
5344
687102708889812993
868
2162
687096057537363968
549
2075
686947101016735744
2896
7959
686760001961103360
1252
3229
686749460672679938
1311
3190
686730991906516992
1087
3785
686683045143953408
728
2601
686618349602762752
1235
3399
686606069955735556
489
1744
686394059078897668
628
1584
686386521809772549
789
2998
686377065986265092
513
2039
686358356425093120
593
1991
686286779679375361
1517
3699
686050296934563840
665
2063
686035780142297088
103
1056
686034024800862208
1032
2827
686007916130873345
360
2270
686003207160610816
560
1674
685973236358713344
474
1929
685943807276412928
531
1493
685906723014619143
2579
6872
685681090388975616
110
1880
685667379192414208
506
2179
685663452032069632
1326
2959
685641971164143616
693
2681
685547936038666240
14046
30237
685532292383666176
1041
2800
685325112850124800
3564
8644
685321586178670592
576
2435
685315239903100929
939
3013
685307451701334016
395
1915
685268753634967552
1070
2827
685198997565345792
588
2130
685169283572338688
1269
3762
684969860808454144
326
2213
684959798585110529
2799
6269
684940049151070208
942
2952
684926975086034944
417
3202
684914660081053696
1318
3206
684902183876321280
462
1713
684880619965411328
722
1918
684830982659280897
19582
32209
684800227459624960
898
2508
684594889858887680
3159
8148
684588130326986752
1273
3795
684567543613382656
1097
2747
684538444857667585
851
2428
684481074559381504
1069
3550
684460069371654144
501
1810
684241637099323392
2930
7449
684225744407494656
183
1133
684222868335505415
1233
3497
684200372118904832
941
1975
684195085588783105
451
1753
684188786104872960
1043
3205
684177701129875456
589
1861
684147889187209216
1358
2730
684122891630342144
425
1852
684097758874210310
1292
3774
683857920510050305
1013
3499
683852578183077888
315
1785
683849932751646720
849
2398
683834909291606017
1015
2402
683828599284170753
968
2574
683773439333797890
1216
3061
683742671509258241
2987
5952
683515932363329536
2597
6765
683498322573824003
871
2921
683481228088049664
901
2438
683462770029932544
619
2233
683449695444799489
1451
3564
683391852557561860
2168
7020
683357973142474752
819
2657
683142553609318400
929
2638
683111407806746624
814
3130
683098815881154561
586
1991
683078886620553216
516
1849
683030066213818368
665
1990
682962037429899265
14787
33630
682808988178739200
153
1624
682788441537560576
1014
2276
682750546109968385
397
1395
682697186228989953
332
1210
682662431982772225
981
2804
682638830361513985
533
1896
682429480204398592
1039
3170
682406705142087680
1581
6938
682393905736888321
593
2060
682389078323662849
422
1533
682303737705140231
879
2808
682259524040966145
1072
3790
682242692827447297
1035
2952
682088079302213632
8821
16704
682059653698686977
1522
4523
682047327939461121
844
2939
682032003584274432
1781
6028
682003177596559360
1362
2841
681981167097122816
915
2587
681891461017812993
742
2266
681694085539872773
3672
11775
681679526984871937
399
1629
681654059175129088
817
2408
681610798867845120
415
1724
681579835668455424
1173
3235
681523177663676416
5175
13103
681340665377193984
244
1511
681339448655802368
3686
8526
681320187870711809
669
2401
681302363064414209
1616
3585
681297372102656000
850
2945
681281657291280384
989
2953
681261549936340994
235
1331
681242418453299201
468
1353
681231109724700672
434
2225
681193455364796417
1331
3398
680970795137544192
581
2201
680959110691590145
1809
4198
680940246314430465
932
2911
680934982542561280
390
1902
680913438424612864
562
2196
680889648562991104
323
1606
680836378243002368
1179
3166
680805554198020098
606
1963
680801747103793152
738
2175
680798457301471234
936
2593
680609293079592961
622
2401
680583894916304897
1183
3286
680497766108381184
1725
3865
680494726643068929
437
1567
680473011644985345
664
2337
680440374763077632
438
1316
680221482581123072
259
1354
680206703334408192
1037
2572
680191257256136705
438
1968
680176173301628928
1386
3539
680161097740095489
666
2133
680145970311643136
1550
3294
680130881361686529
851
2103
680115823365742593
820
2486
680100725817409536
1240
3289
680085611152338944
8100
11684
680070545539371008
771
2378
679877062409191424
574
1781
679872969355714560
594
2004
679862121895714818
551
2238
679854723806179328
1093
2601
679844490799091713
680
2176
679828447187857408
12495
32967
679777920601223168
987
2846
679736210798047232
712
1903
679729593985699840
744
1982
679722016581222400
424
1532
679530280114372609
1870
4350
679527802031484928
645
2415
679511351870550016
1141
3054
679503373272485890
1327
2895
679475951516934144
575
1908
679462823135686656
16904
29247
679405845277462528
1067
2148
679158373988876288
7197
19317
679148763231985668
917
2545
679132435750195208
1032
2686
679111216690831360
2296
5400
679062614270468097
7160
15421
679047485189439488
584
2051
679001094530465792
1089
2581
678991772295516161
1012
2056
678969228704284672
406
1497
678800283649069056
815
2347
678798276842360832
1019
3156
678774928607469569
814
2560
678767140346941444
1218
3208
678764513869611008
412
1473
678755239630127104
2912
6453
678740035362037760
1478
3383
678708137298427904
2171
5100
678675843183484930
1308
2590
678643457146150913
359
1874
678446151570427904
1364
3643
678424312106393600
2258
4975
678410210315247616
1601
3809
678399652199309312
28414
73096
678396796259975168
372
1447
678389028614488064
379
1706
678380236862578688
819
2225
678341075375947776
471
1568
678334497360859136
222
1178
678278586130948096
5462
10368
678255464182861824
326
1444
678023323247357953
340
1737
678021115718029313
5590
12298
677961670166224897
1516
3122
677918531514703872
362
1213
677895101218201600
1831
4373
677716515794329600
869
2776
677700003327029250
1280
3097
677698403548192770
286
1116
677687604918272002
748
2245
677673981332312066
1338
3022
677662372920729601
839
1768
677644091929329666
723
1703
677573743309385728
595
1924
677565715327688705
409
1186
677557565589463040
1008
2207
677547928504967168
3279
6285
677530072887205888
204
963
677335745548390400
1543
2744
677334615166730240
249
1219
677331501395156992
207
984
677328882937298944
1333
3318
677314812125323265
468
1491
677301033169788928
354
1108
677269281705472000
633
1787
677228873407442944
1453
3195
677187300187611136
804
2473
676975532580409345
945
2517
676957860086095872
718
2016
676949632774234114
347
1177
676948236477857792
770
1951
676946864479084545
326
1572
676942428000112642
664
1866
676936541936185344
4409
11570
676916996760600576
1609
2683
676897532954456065
646
2047
676864501615042560
620
1881
676821958043033607
13696
20608
676819651066732545
598
1652
676811746707918848
378
1301
676776431406465024
1792
4496
676617503762681856
852
2604
676613908052996102
174
983
676606785097199616
386
1716
676603393314578432
338
1033
676593408224403456
1879
4114
676590572941893632
109
837
676588346097852417
693
2075
676582956622721024
251
1071
676575501977128964
981
2320
676533798876651520
487
1694
676496375194980353
468
1370
676470639084101634
4150
10523
676440007570247681
586
1555
676430933382295552
302
1261
676263575653122048
483
1886
676237365392908289
248
1085
676219687039057920
27594
70552
676215927814406144
516
1565
676191832485810177
914
2048
676146341966438401
584
1745
676121918416756736
1021
1956
676101918813499392
1045
2574
676098748976615425
1243
2668
676089483918516224
389
1176
675898130735476737
505
1438
675891555769696257
759
1915
675888385639251968
835
2110
675878199931371520
1235
3773
675870721063669760
496
1460
675853064436391936
1130
2415
675849018447167488
123
862
675845657354215424
773
2039
675822767435051008
474
1382
675820929667219457
205
954
675798442703122432
3036
9288
675781562965868544
417
1451
675740360753160193
294
1055
675710890956750848
716
1680
675707330206547968
594
1782
675706639471788032
85
580
675534494439489536
361
1659
675531475945709568
329
1065
675522403582218240
249
937
675517828909424640
406
1145
675501075957489664
5196
15482
675497103322386432
1126
2810
675489971617296384
526
1146
675483430902214656
850
1653
675432746517426176
500
1354
675372240448454658
452
1523
675362609739206656
192
938
675354435921575936
14827
29347
675349384339542016
1992
3519
675334060156301312
1127
2477
675166823650848770
1378
3157
675153376133427200
2250
5568
675149409102012420
1494
3338
675147105808306176
196
840
675146535592706048
254
1051
675145476954566656
777
1906
675135153782571009
410
1157
675113801096802304
684
1727
675111688094527488
213
865
675109292475830276
995
2510
675047298674663426
274
923
675015141583413248
1029
2405
675006312288268288
200
872
675003128568291329
405
1384
674999807681908736
950
1988
674805413498527744
315
758
674800520222154752
744
2685
674793399141146624
950
2215
674790488185167872
216
982
674788554665512960
181
717
674781762103414784
1040
1799
674774481756377088
405
977
674767892831932416
688
1622
674764817387900928
200
698
674754018082705410
382
1227
674752233200820224
398
1306
674743008475090944
462
1257
674742531037511680
44
431
674739953134403584
326
966
674737130913071104
80
578
674690135443775488
409
1020
674670581682434048
563
1441
674664755118911488
203
808
674646392044941312
427
1275
674644256330530816
239
924
674638615994089473
509
1512
674632714662858753
498
1335
674606911342424069
86
835
674468880899788800
1770
5534
674447403907457024
314
952
674436901579923456
343
986
674422304705744896
463
1280
674416750885273600
114
609
674410619106390016
398
1066
674394782723014656
487
1334
674372068062928900
279
765
674330906434379776
65
502
674318007229923329
448
1246
674307341513269249
6001
10088
674291837063053312
5118
13127
674271431610523648
641
1390
674269164442398721
201
823
674265582246694913
724
1455
674262580978937856
380
1175
674255168825880576
463
1297
674082852460433408
144
678
674075285688614912
245
886
674063288070742018
1903
5699
674053186244734976
1122
2939
674051556661161984
429
1288
674045139690631169
562
1266
674042553264685056
109
634
674038233588723717
366
975
674036086168010753
180
759
674024893172875264
1081
1577
674019345211760640
264
1011
674014384960745472
557
1382
674008982932058114
298
1083
673956914389192708
833
1741
673919437611909120
325
1055
673906403526995968
1426
2839
673887867907739649
220
838
673716320723169284
669
2773
673715861853720576
1804
3150
673711475735838725
263
936
673709992831262724
236
746
673708611235921920
253
949
673707060090052608
345
986
673705679337693185
357
1123
673700254269775872
498
1280
673697980713705472
1686
3495
673689733134946305
567
1531
673688752737402881
436
1123
673686845050527744
374
1270
673680198160809984
414
1226
673662677122719744
326
1124
673656262056419329
198
650
673636718965334016
307
992
673612854080196609
629
1422
673583129559498752
312
1060
673580926094458881
237
732
673576835670777856
485
1224
673363615379013632
266
928
673359818736984064
591
1283
673355879178194945
490
1334
673352124999274496
471
1489
673350198937153538
183
681
673345638550134785
1097
2223
673343217010679808
234
853
673342308415348736
491
1127
673320132811366400
6843
11906
673317986296586240
216
777
673295268553605120
2736
6698
673270968295534593
311
952
673240798075449344
613
1270
673213039743795200
723
1963
673148804208660480
547
1485
672997845381865473
629
1748
672995267319328768
250
842
672988786805112832
253
873
672984142909456390
469
1116
672980819271634944
883
1619
672975131468300288
774
1492
672970152493887488
301
835
672968025906282496
467
1180
672964561327235073
553
1260
672902681409806336
422
1230
672898206762672129
360
792
672884426393653248
721
1365
672877615439593473
298
907
672834301050937345
501
1152
672828477930868736
415
1108
672640509974827008
270
873
672622327801233409
418
1147
672614745925664768
510
1083
672609152938721280
335
964
672604026190569472
334
963
672594978741354496
528
1173
672591762242805761
281
840
672591271085670400
156
639
672538107540070400
315
893
672523490734551040
146
552
672488522314567680
371
989
672482722825261057
517
989
672481316919734272
110
638
672475084225949696
604
1291
672466075045466113
446
1186
672272411274932228
2916
5690
672267570918129665
532
1309
672264251789176834
283
1008
672256522047614977
1322
2503
672254177670729728
645
1269
672248013293752320
518
1524
672245253877968896
130
605
672239279297454080
275
803
672231046314901505
876
1612
672222792075620352
176
700
672205392827572224
1001
1974
672169685991993344
317
910
672160042234327040
303
766
672139350159835138
591
1534
672125275208069120
983
2108
672095186491711488
327
873
672082170312290304
318
835
672068090318987265
439
1131
671896809300709376
3658
7583
671891728106971137
478
1171
671882082306625538
1199
3087
671879137494245376
569
1243
671874878652489728
477
1103
671866342182637568
414
991
671855973984772097
369
790
671789708968640512
2985
6295
671768281401958400
430
1045
671763349865160704
769
1488
671744970634719232
657
1201
671743150407421952
200
673
671735591348891648
650
1282
671729906628341761
3779
7468
671561002136281088
6283
11337
671550332464455680
183
809
671547767500775424
495
1202
671544874165002241
888
1723
671542985629241344
482
966
671538301157904385
333
837
671536543010570240
342
1036
671533943490011136
493
896
671528761649688577
214
736
671520732782923777
452
1215
671518598289059840
250
829
671511350426865664
603
1417
671504605491109889
3108
6211
671497587707535361
385
823
671488513339211776
411
881
671486386088865792
171
507
671485057807351808
195
674
671390180817915904
648
1275
671362598324076544
257
973
671357843010908160
133
351
671355857343524864
104
418
671347597085433856
368
830
671186162933985280
176
637
671182547775299584
281
975
671166507850801152
301
776
671163268581498880
962
1452
671159727754231808
68
314
671154572044468225
185
624
671151324042559489
126
588
671147085991960577
191
581
671141549288370177
569
1014
671138694582165504
340
818
671134062904504320
162
652
671122204919246848
2175
3070
671115716440031232
668
1207
671109016219725825
377
999
670995969505435648
241
964
670842764863651840
7540
21983
670840546554966016
165
521
670838202509447168
596
977
670833812859932673
109
381
670832455012716544
183
642
670826280409919488
3485
4853
670823764196741120
159
672
670822709593571328
83
544
670815497391357952
1308
2768
670811965569282048
229
979
670807719151067136
424
1050
670804601705242624
814
1726
670803562457407488
77
300
670797304698376195
202
656
670792680469889025
236
731
670789397210615808
210
581
670786190031921152
168
527
670783437142401025
329
719
670782429121134593
651
1342
670780561024270336
249
698
670778058496974848
62
294
670764103623966721
371
951
670755717859713024
87
392
670733412878163972
446
846
670727704916926465
312
734
670717338665226240
415
1048
670704688707301377
317
687
670691627984359425
208
516
670679630144274432
240
662
670676092097810432
35
214
670668383499735048
4291
9403
670474236058800128
628
1329
670468609693655041
77
314
670465786746662913
465
852
670452855871037440
174
489
670449342516494336
565
1072
670444955656130560
1734
6029
670442337873600512
175
578
670435821946826752
433
934
670434127938719744
559
1254
670433248821026816
100
295
670428280563085312
519
1221
670427002554466305
141
460
670421925039075328
549
1135
670420569653809152
265
537
670417414769758208
280
500
670411370698022913
765
1787
670408998013820928
186
485
670403879788544000
128
374
670385711116361728
172
488
670374371102445568
236
668
670361874861563904
55
288
670338931251150849
96
371
670319130621435904
1064
3459
670303360680108032
107
382
670290420111441920
249
620
670093938074779648
275
907
670086499208155136
217
619
670079681849372674
1054
1952
670073503555706880
677
1380
670069087419133954
205
550
670061506722140161
289
665
670055038660800512
279
591
670046952931721218
150
574
670040295598354432
96
655
670037189829525505
240
527
670003130994700288
77
294
669993076832759809
70
282
669972011175813120
132
391
669970042633789440
43
270
669942763794931712
131
443
669926384437997569
81
337
669923323644657664
50
202
669753178989142016
339
703
669749430875258880
55
227
669684865554620416
74
446
669683899023405056
93
337
669682095984410625
115
310
669680153564442624
241
580
669661792646373376
365
712
669625907762618368
1557
3103
669603084620980224
316
845
669597912108789760
131
447
669583744538451968
796
1315
669573570759163904
119
387
669571471778410496
877
1401
669567591774625800
45
201
669564461267722241
104
335
669393256313184256
62
313
669375718304980992
625
1166
669371483794317312
147
433
669367896104181761
129
404
669363888236994561
200
556
669359674819481600
103
329
669354382627049472
1084
2371
669353438988365824
224
562
669351434509529089
153
376
669328503091937280
363
901
669327207240699904
101
493
669324657376567296
182
439
669216679721873412
346
1052
669214165781868544
135
384
669203728096960512
406
884
669037058363662336
263
571
669015743032369152
322
647
669006782128353280
209
510
669000397445533696
5494
18609
668994913074286592
187
389
668992363537309700
292
657
668989615043424256
288
594
668988183816871936
389
797
668986018524233728
139
477
668981893510119424
257
478
668979806671884288
290
701
668975677807423489
495
1148
668967877119254528
18
127
668960084974809088
209
617
668955713004314625
63
240
668932921458302977
50
227
668902994700836864
87
276
668892474547511297
126
352
668872652652679168
266
475
668852170888998912
139
409
668826086256599040
112
381
668815180734689280
224
488
668779399630725120
322
627
668655139528511488
187
469
668645506898350081
456
770
668643542311546881
444
781
668641109086707712
464
943
668636665813057536
434
915
668633411083464705
1373
2450
668631377374486528
278
616
668627278264475648
96
281
668625577880875008
110
326
668623201287675904
650
1241
668620235289837568
35
180
668614819948453888
270
542
668587383441514497
918
1470
668567822092664832
46
205
668544745690562560
197
453
668542336805281792
179
403
668537837512433665
61
226
668528771708952576
188
401
668507509523615744
87
276
668496999348633600
114
357
668484198282485761
206
370
668480044826800133
126
393
668466899341221888
438
767
668297328638447616
255
555
668291999406125056
28
213
668286279830867968
116
435
668274247790391296
194
717
668268907921326080
205
483
668256321989451776
515
1144
668248472370458624
406
837
668237644992782336
2406
5413
668226093875376128
85
246
668221241640230912
168
452
668204964695683073
171
487
668190681446379520
171
574
668171859951755264
161
424
668154635664932864
272
438
668142349051129856
238
508
668113020489474048
207
578
667937095915278337
686
1106
667924896115245057
95
264
667915453470232577
46
184
667911425562669056
245
428
667902449697558528
332
754
667886921285246976
906
1639
667885044254572545
397
726
667878741721415682
100
347
667873844930215936
338
550
667866724293877760
897
2703
667861340749471744
69
221
667832474953625600
54
254
667806454573760512
415
924
667801013445750784
80
282
667793409583771648
285
604
667782464991965184
210
361
667773195014021121
44
203
667766675769573376
185
370
667728196545200128
125
323
667724302356258817
265
422
667550904950915073
28
0
667550882905632768
25
0
667549055577362432
1938
5081
667546741521195010
106
303
667544320556335104
455
758
667538891197542400
58
175
667534815156183040
442
713
667530908589760512
206
410
667524857454854144
962
1496
667517642048163840
165
330
667509364010450944
1856
6026
667502640335572993
193
484
667495797102141441
231
457
667491009379606528
187
456
667470559035432960
85
225
667455448082227200
53
170
667453023279554560
73
279
667443425659232256
485
680
667437278097252352
197
395
667435689202614272
76
267
667405339315146752
194
409
667393430834667520
50
168
667369227918143488
142
328
667211855547486208
209
425
667200525029539841
227
540
667192066997374976
86
332
667188689915760640
328
641
667182792070062081
5242
12480
667177989038297088
48
164
667176164155375616
384
523
667174963120574464
69
218
667171260800061440
71
186
667165590075940865
961
2373
667160273090932737
50
217
667152164079423490
14543
42074
667138269671505920
1855
3988
667119796878725120
104
284
667090893657276420
104
286
667073648344346624
103
350
667070482143944705
12
72
667065535570550784
40
143
667062181243039745
45
192
667044094246576128
43
162
667012601033924608
185
392
666996132027977728
78
213
666983947667116034
841
2236
666837028449972224
466
701
666835007768551424
64
183
666826780179869698
78
218
666817836334096384
209
442
666804364988780544
78
206
666786068205871104
408
655
666781792255496192
168
324
666776908487630848
148
303
666739327293083650
59
207
666701168228331520
181
371
666691418707132416
41
160
666649482315059201
522
992
666644823164719104
68
207
666454714377183233
178
445
666447344410484738
19
90
666437273139982337
40
106
666435652385423360
41
137
666430724426358785
159
275
666428276349472768
67
139
666421158376562688
90
272
666418789513326592
39
106
666411507551481857
261
371
666407126856765440
30
93
666396247373291520
68
147
666373753744588802
73
162
666362758909284353
463
646
666353288456101888
56
178
666345417576210432
121
242
666337882303524864
79
168
666293911632134144
288
425
666287406224695296
55
123
666273097616637952
66
151
666268910803644416
38
99
666104133288665088
5450
12830
666102155909144576
11
66
666099513787052032
53
134
666094000022159362
63
142
666082916733198337
37
92
666073100786774016
129
273
666071193221509120
50
127
666063827256086533
180
396
666058600524156928
47
99
666057090499244032
111
247
666055525042405380
196
365
666051853826850816
697
1023
666050758794694657
50
115
666049248165822465
36
88
666044226329800704
114
246
666033412701032449
36
100
666029285002620928
39
112
666020888022790149
419
2279
